    0.2943    0.7057    0.2752    0.7425    0.5566    0.2813    0.0022
    0.6455    0.3545    0.3074    0.5758    0.4527    0.1619    0.0101
    0.8931    0.1069    0.3081    0.7749    0.4731    0.0905    0.0067
    0.2917    0.7083    0.2899    0.3349    0.4530    0.2923    0.0074
    0.6416    0.3584    0.3379    0.1687    0.2728    0.2084    0.0218
    0.8878    0.1122    0.3492    0.3655    0.3034    0.0777    0.0235
    0.3272    0.6728    0.2935    0.0607    0.2960    0.4296    0.0099
    0.6615    0.3385    0.3344    0.0220    0.1688    0.4040    0.0210
    0.8820    0.1180    0.3795    0.0733    0.1354    0.1402    0.0348
    0.4372    0.5628    0.2780    0.0055    0.1988    0.6670    0.0067
    0.7316    0.2684    0.3107    0.0016    0.1524    0.7008    0.0112
    0.8797    0.1203    0.3659    0.0082    0.1027    0.3657    0.0287